# 100 user_id acak dari database, 1 per baris
29270919
1234567
7654321
9999999
100001
500123
1000456
2500789
5000123
7500456
10000789
12500123
13500456
14000789
14500123
14700456
14850789
14900123
14950456
14980789
123456
654321
1111111
2222222
3333333
4444444
5555555
6666666
7777777
8888888
246810
135790
987654
456789
369258
147258
789456
321654
159753
753159
1597534
3691472
7894561
4567892
3692581
1472583
7894564
3216545
1597536
7531597
246813
135792
987651
456786
369255
147256
789453
321651
159750
753156
1000
10000
100000
500000
1500000
2500000
5000000
7500000
10000000
12500000
13000000
13500000
14000000
14250000
14500000
14750000
14800000
14850000
14900000
14925000
14950000
14960000
14970000
14980000
14985000
14990000
14992500
14995000
14996250
14997500
14998125
14998750
14999375
14999500
14999625
14999750
14999800
14999850
14999875
14999890
14999895
14999896
